================================================================================
FINAL MODEL WEIGHTS AND BIASES:
================================================================================
Layer 1 (Input -> Hidden): 208 -> 128
  Weights shape: (128, 208)
  Weight sample (first 3x3):
[[ 0.0303862  -0.02348148 -0.04640874]
 [ 0.26403955 -0.1503282   0.06286573]
 [ 0.08142593 -0.14710833 -0.11011597]]
  Biases shape: (128,)
  Bias sample (first 10):
[ 2.4345377e-07 -7.7137029e-06 -4.3009422e-06  3.0740866e-06
 -2.7651131e-06 -1.0886422e-06 -1.0242563e-06  1.0940939e-06
  6.5130603e-06  3.1073625e-07]

Layer 2 (Hidden -> Hidden): 128 -> 64
  Weights shape: (64, 128)
  Weight sample (first 3x3):
[[-0.04184229 -0.10854802  0.01264113]
 [-0.26907614 -0.06862979 -0.05078153]
 [-0.19979255  0.08598103  0.12035131]]
  Biases shape: (64,)
  Bias sample (first 10):
[ 5.2187534e-06 -2.7354176e-06 -3.8512262e-06 -1.1880534e-06
 -3.7531890e-08 -2.3683799e-07  1.7247146e-06 -1.0868233e-05
  7.2354226e-07 -1.9814684e-06]

Layer 3 (Hidden -> Output): 64 -> 15
  Weights shape: (15, 64)
  Weights (first 5 rows):
[[ 3.66349262e-03 -2.60752123e-02  1.96586974e-04 -1.60881616e-02
   5.34618869e-02 -2.61547277e-03  1.34081081e-01 -5.91573529e-02
  -7.81144062e-03  4.49945740e-02 -7.68582672e-02 -8.77055675e-02
   7.80454725e-02 -1.69349343e-01 -4.34432402e-02  2.12260231e-01
  -3.08840405e-02  2.65432056e-02 -4.02602106e-02  4.38301265e-02
  -4.53288965e-02 -9.33020264e-02 -5.66648357e-02 -8.30641314e-02
  -1.82995610e-02 -7.86174904e-04 -2.72993874e-02  8.10133964e-02
   5.41640483e-02 -3.56443855e-03 -4.33266303e-03 -1.32363856e-01
  -8.18315428e-03  7.01008067e-02  3.32416371e-02 -1.15716772e-03
  -9.69851762e-03  1.90235265e-02 -1.35676134e-02 -8.55116770e-02
  -1.83157444e-01 -2.11293370e-01 -9.48366430e-03  1.14976183e-01
   9.62420478e-02  4.20960560e-02  1.06529538e-02  4.89481501e-02
   2.88670827e-02  1.21052610e-02 -1.40694883e-02 -3.43196280e-02
   1.12927975e-02  1.36113971e-01 -3.10114454e-02 -2.42218729e-02
   2.95717153e-03  2.73905154e-02  3.76668572e-02 -1.59983505e-02
  -3.79756205e-02 -1.08640596e-01  6.20405823e-02  2.65109213e-03]
 [-2.33196616e-02  4.35502734e-03 -1.29948379e-02  2.17720177e-02
   1.66502427e-02 -2.13569384e-02 -2.58805119e-02  1.15973465e-02
  -4.78043733e-03 -5.75553672e-03 -1.18185692e-02 -1.54966852e-02
  -1.29689611e-02  1.72961764e-02  1.16701545e-02  2.16495749e-02
   2.51276381e-02  3.80227529e-03 -2.77975071e-02 -1.73285175e-02
  -6.83267694e-03  1.13668144e-02 -1.03993434e-02 -2.27233209e-03
  -5.52203320e-03  1.51958026e-03 -4.37953994e-02 -5.02449721e-02
  -1.28161563e-02  2.36466099e-02 -1.71590298e-02  1.01216761e-02
  -2.11379565e-02 -2.61293668e-02  4.78550373e-03 -4.50245216e-02
  -1.76104158e-02  9.26702283e-03 -8.77316669e-03  1.96271203e-02
   2.30264869e-02  1.19949738e-02 -2.45891348e-03 -1.66707486e-02
  -1.37813957e-02 -5.52751776e-03  1.13812070e-02 -2.74206214e-02
  -1.02055101e-02  8.86233617e-03 -1.00710038e-02  2.94519365e-02
  -1.39619652e-02 -1.21817766e-02  1.01157499e-03 -1.97455864e-02
   8.82306136e-03 -6.97986828e-03  1.66978594e-02 -1.66162942e-03
  -1.19967395e-02 -1.46866320e-02 -4.97185579e-03  1.97320692e-02]
 [ 1.32063217e-03 -5.12184538e-02  3.75756733e-02 -2.17336416e-02
   6.73545972e-02 -1.09133334e-03  1.01202078e-01 -7.30497614e-02
   2.56282166e-02  4.86080423e-02 -6.86479658e-02 -8.33589956e-02
   6.91519454e-02 -7.79106021e-02 -6.45065904e-02  2.84971476e-01
  -2.44867727e-02  3.38484570e-02 -4.10286412e-02  4.83355038e-02
  -3.62449773e-02 -8.79295841e-02 -4.92547266e-02 -3.17866020e-02
  -1.57053564e-02  2.01629717e-02 -3.07995826e-02  4.36899737e-02
   6.37162700e-02 -1.02189956e-02  4.44186572e-03 -1.03237890e-01
  -3.22403684e-02  7.06990212e-02  5.27162850e-02 -2.66589224e-03
  -3.26345488e-02 -1.93794884e-04 -8.25045630e-03 -5.06267436e-02
  -1.43071070e-01 -1.95721656e-01 -2.52972953e-02  1.29719839e-01
   8.45673531e-02  4.80239131e-02 -2.03019753e-03  1.05048232e-02
   3.16173434e-02  1.07126990e-02  2.64384262e-02 -2.14628689e-02
   1.22541962e-02  1.83107316e-01 -4.31133956e-02 -3.50336283e-02
   3.28504853e-02  9.14504379e-03  4.99420390e-02 -2.28738859e-02
   3.19168977e-02 -1.06387071e-01  8.34361091e-02 -4.36004577e-03]
 [ 4.07096110e-02 -1.53481374e-02  1.32248938e-01 -4.51096892e-02
   6.19984418e-02  9.67151821e-02 -6.68033063e-02 -3.66783992e-04
   3.23602445e-02  4.43159156e-02  2.11576950e-02  3.18203941e-02
  -4.89195362e-02  2.41447359e-01 -6.55866191e-02  1.13919407e-01
  -1.89330466e-02  2.06712894e-02  1.06782787e-01  4.34048064e-02
   5.85938618e-03 -2.29071919e-02 -2.27030478e-02  5.23764715e-02
  -8.47760867e-03  2.42660418e-02  1.43043667e-01 -1.85931157e-02
   2.74626389e-02 -3.65310647e-02  3.23105715e-02  4.84501608e-02
  -4.19508889e-02  8.72519910e-02 -2.92496737e-02  1.62752524e-01
  -3.48470844e-02 -6.14112057e-02 -2.28088237e-02  3.60571370e-02
   7.41245747e-02  4.13877182e-02 -6.81748614e-03 -8.63987133e-02
   8.97291824e-02  3.13106440e-02 -3.69002931e-02 -6.38243780e-02
   3.57802436e-02 -3.13606635e-02  1.80430599e-02  3.50639001e-02
   4.99774367e-02  6.79169595e-02 -2.32956577e-02  1.01112187e-01
   4.78071868e-02 -1.22519145e-02 -8.37564818e-04 -2.77767833e-02
   1.89304993e-01  2.97909826e-02  2.62017809e-02 -3.18959169e-02]
 [ 1.72042355e-01  1.44217953e-01  4.36016060e-02  2.38035321e-01
   5.89151531e-02  8.47004950e-02  2.69621938e-01  9.41253304e-02
   7.31184185e-01  4.00930673e-01  5.60322881e-01  4.08963472e-01
   6.15910590e-01  1.33448571e-01  5.60470760e-01  1.78694502e-01
   6.20906830e-01  4.99868095e-01  2.27123857e-01  1.72891438e-01
   3.00545961e-01  1.94901735e-01  5.86841702e-01  2.08932206e-01
   6.63971782e-01  2.51569331e-01  1.11081749e-01  2.28828982e-01
   3.07302147e-01  1.76611707e-01  2.87187189e-01  5.01628406e-02
   4.95770514e-01  3.10645431e-01  4.92977589e-01  4.20662388e-02
   2.73917675e-01  5.22306323e-01  2.17854127e-01  3.29238325e-01
   1.94849342e-01  1.85269281e-01  5.98020196e-01  5.14656425e-01
   1.43601730e-01  4.52601224e-01  6.62401617e-01  4.58528012e-01
   5.68009675e-01  6.00109339e-01  2.50551760e-01  4.14887458e-01
   1.49924695e-01  6.65994763e-01  5.84697425e-01  3.30458939e-01
   4.75671478e-02  3.50717396e-01  4.38312083e-01  5.68320096e-01
   2.42941566e-02  1.75353177e-02  3.35280627e-01  9.49897990e-02]]
  Biases shape: (15,)
  Biases (full):
[-0.17327219 -0.21057107  0.070634    0.43176162  0.54226786 -0.08062732
 -0.24573682  0.06071798  0.09536278  0.18328266 -0.00859884 -0.22776747
  0.10090274 -0.02972012 -0.0312124 ]

Batch Norm Parameters:
  BN1 weights: (128,)
  BN2 weights: (64,)

